0000000000010000
0000000000000000
0000000100000000
0000000000000000
0000000000000000
0000000000000000
0000000000000000
0000000000000000
0000000000000000
0000000000000000
0000000000000000
0000000000000000
0000000000000000
0000000000000000
0000000000000000
0000000000000000
0010101001001000
0010101101101100
0010110010010000
1001000100000010
0000000011110101
1000000100100100
1000001001001000
1000100100100100
1000101001001000
1010001000001010
0000001000000000
1010000100000110
0000001000000010
1001101100001110
0000001000000010
1001110000010010
0000001000000000
