0000000000010000
0000000000000000
0000000100000000
0000000000000000
0000000000000000
0000000000000000
0000000000000000
0000000000000000
0000000000000000
0000000000000000
0000000000000000
0000000000000000
0000000000000000
0000000000000000
0000000000000000
0000000000000000
1001001000000010
0000000000001010
1001000000000010
0000000000000000
1001000100000010
0000000001010000
1001001100000010
0000000000100000
1001010000000010
0000000000000010
1100101101101100
0000000000000000
0000000000000000
0000000000000000
0000000000000000
0000000000000000
0101110100001000
1100000100100100
0100110010010000
0010010010010000
0001000000000000
1100101101101100
0000000000000000
0000000000000000
0000000000000000
0000000000000000
0000000000000000
0000000000000000
0000000000000000
0000000000000000
0000000000000000
0000000000000000
0000000000000000
0000000000000000
0000000000000000
0000000000000000
0000000000000000
0000000000000000
0000000000000000
0000000000000000
0000000000000000
0000000000000000
0000000000000000
0000000000000000
0000000000000000
0000000000000000
0000000000000000
0000000000000000
0000000000000000
0000000000000000
0000000000000000
0000000000000000
0000000000000000
0000000000000000
0000000000000000
0000000000000000
0000000000000000
0000000000000000
0000000000000000
0000000000000000
0000000000000000
0000000000000000
0000000000000000
0000000000000000
1001000000000010
0000000000000000
1001001000000010
0000000000001000
1001001100000010
0000000001100000
1001010000000010
0000000000000011
1100101101101100
0000000000000000
0000000000000000
0000000000000000
0000000000000000
0000000000000000
0000000000000000
0000000000000000
0100110010010000
0010010010010000
0001000000000000
0110010100001000
1100001101101100
0001010010010000
0010010010010000
