0000000000010000
0000000000000000
0000000100000000
0000000000000000
0000000000000000
0000000000000000
0000000000000000
0000000000000000
0000000000000000
0000000000000000
0000000000000000
0000000000000000
0000000000000000
0000000000000000
0000000000000000
0000000000000000
0010100100100100
0010101001001000
0010101101101100
0010110010010000
0101010101100010
0000000000000010
0100110000110000
0101111010110000
0110011011111000
0110100101000100
0111001001001010
0000000000000010
0111101001001010
0000000000000011
0100010101010100
0100101010101000
